[gd_scene load_steps=11 format=3 uid="uid://bmtr0py0litk0"]

[ext_resource type="Script" uid="uid://b57gk6u484vvs" path="res://Script/level_4.gd" id="1_hoe83"]
[ext_resource type="Material" uid="uid://dgicjbtbf5vt3" path="res://Assets/postprocessing.tres" id="1_m0p0k"]
[ext_resource type="PackedScene" uid="uid://c0q52hnxwbxdo" path="res://Scenes/player.tscn" id="2_hoe83"]
[ext_resource type="PackedScene" uid="uid://ddytulff8t04j" path="res://Scenes/pause.tscn" id="2_y5a6b"]
[ext_resource type="Texture2D" uid="uid://ssn0md5wcp36" path="res://Assets/dark_texture_01.png" id="3_y5a6b"]

[sub_resource type="StandardMaterial3D" id="StandardMaterial3D_lo2vs"]
albedo_texture = ExtResource("3_y5a6b")
uv1_scale = Vector3(3, 3, 3)

[sub_resource type="ProceduralSkyMaterial" id="ProceduralSkyMaterial_28sx8"]
sky_horizon_color = Color(0.662243, 0.671743, 0.686743, 1)
ground_horizon_color = Color(0.662243, 0.671743, 0.686743, 1)

[sub_resource type="Sky" id="Sky_m0p0k"]
sky_material = SubResource("ProceduralSkyMaterial_28sx8")

[sub_resource type="Environment" id="Environment_urvdd"]
background_mode = 2
sky = SubResource("Sky_m0p0k")
tonemap_mode = 2

[sub_resource type="BoxShape3D" id="BoxShape3D_m0p0k"]
size = Vector3(25.2137, 3.4873, 29.5002)

[node name="Node3D" type="Node3D"]
script = ExtResource("1_hoe83")

[node name="Pause" parent="." instance=ExtResource("2_y5a6b")]

[node name="SubViewportContainer" type="SubViewportContainer" parent="."]
material = ExtResource("1_m0p0k")
offset_right = 1152.0
offset_bottom = 648.0
metadata/_edit_use_anchors_ = true

[node name="SubViewport" type="SubViewport" parent="SubViewportContainer"]
handle_input_locally = false
audio_listener_enable_3d = true
size = Vector2i(1152, 648)
render_target_update_mode = 4

[node name="player" parent="SubViewportContainer/SubViewport" instance=ExtResource("2_hoe83")]
transform = Transform3D(1, 0, 0, 0, 1, 0, 0, 0, 1, -3.12363, 0.210171, -30.5717)

[node name="CSGCombiner3D" type="CSGCombiner3D" parent="SubViewportContainer/SubViewport"]
transform = Transform3D(0.25, 0, 0, 0, 0.25, 0, 0, 0, 0.25, 0, 0, 0)
use_collision = true

[node name="Floor" type="CSGBox3D" parent="SubViewportContainer/SubViewport/CSGCombiner3D"]
transform = Transform3D(1, 0, 0, 0, 1, 0, 0, 0, 1, 115.941, 0, -18.5699)
size = Vector3(302.153, 1, 360.052)
material = SubResource("StandardMaterial3D_lo2vs")

[node name="Ceiling" type="CSGBox3D" parent="SubViewportContainer/SubViewport/CSGCombiner3D"]
transform = Transform3D(1, 0, 0, 0, 1, 0, 0, 0, 1, 115.941, 13.7019, -18.5699)
size = Vector3(302.153, 1, 360.052)
material = SubResource("StandardMaterial3D_lo2vs")

[node name="CSGBox3D" type="CSGBox3D" parent="SubViewportContainer/SubViewport/CSGCombiner3D"]
transform = Transform3D(1, 0, 0, 0, 1, 0, 0, 0, 1, -0.0876465, 6.52985, -48.8197)
size = Vector3(1.17529, 14.0597, 26.7368)

[node name="CSGBox3D2" type="CSGBox3D" parent="SubViewportContainer/SubViewport/CSGCombiner3D"]
transform = Transform3D(1, 0, 0, 0, 1, 0, 0, 0, 1, -8.62217, 6.52985, -49.4469)
size = Vector3(1.17529, 14.0597, 25.4824)

[node name="CSGBox3D5" type="CSGBox3D" parent="SubViewportContainer/SubViewport/CSGCombiner3D"]
transform = Transform3D(1, 0, 0, 0, 1, 0, 0, 0, 1, -15.1422, 6.52985, -94.1915)
size = Vector3(1.17529, 14.0597, 25.4824)

[node name="CSGBox3D8" type="CSGBox3D" parent="SubViewportContainer/SubViewport/CSGCombiner3D"]
transform = Transform3D(0.853633, 0, -0.520876, 0, 1, 0, 0.520876, 0, 0.853633, 6.5221, 6.52985, -72.8207)
size = Vector3(1.17529, 14.0597, 25.4824)

[node name="CSGBox3D9" type="CSGBox3D" parent="SubViewportContainer/SubViewport/CSGCombiner3D"]
transform = Transform3D(0.232036, 0, -0.972707, 0, 1, 0, 0.972707, 0, 0.232036, 28.1996, 6.52985, -87.033)
size = Vector3(1.17529, 14.0597, 33.3257)

[node name="CSGBox3D10" type="CSGBox3D" parent="SubViewportContainer/SubViewport/CSGCombiner3D"]
transform = Transform3D(0.388497, 0, -0.92145, 0, 1, 0, 0.92145, 0, 0.388497, 32.9467, 6.52985, -107.037)
size = Vector3(1.17529, 14.0597, 26.6914)

[node name="CSGBox3D11" type="CSGBox3D" parent="SubViewportContainer/SubViewport/CSGCombiner3D"]
transform = Transform3D(0.999987, 0, 0.00520098, 0, 1, 0, -0.00520098, 0, 0.999987, 44.0769, 6.52985, -132.003)
size = Vector3(1.17529, 14.0597, 39.5554)

[node name="CSGBox3D12" type="CSGBox3D" parent="SubViewportContainer/SubViewport/CSGCombiner3D"]
transform = Transform3D(0.999987, 0, 0.00520098, 0.000200561, 0.999256, -0.0385617, -0.00519711, 0.0385622, 0.999243, 44.1902, 5.93777, -60.978)
size = Vector3(1.17529, 14.0597, 57.3993)

[node name="CSGBox3D13" type="CSGBox3D" parent="SubViewportContainer/SubViewport/CSGCombiner3D"]
transform = Transform3D(-0.0524929, 0, -0.998621, 0, 1, 0, 0.998621, 0, -0.0524929, 21.6811, 6.14327, -33.8526)
size = Vector3(1.17529, 14.0597, 45.0149)

[node name="CSGBox3D38" type="CSGBox3D" parent="SubViewportContainer/SubViewport/CSGCombiner3D"]
transform = Transform3D(-0.0524929, 0, -0.998621, 0, 1, 0, 0.998621, 0, -0.0524929, 55.8798, 6.14327, -16.232)
size = Vector3(1.17529, 14.0597, 59.6676)

[node name="CSGBox3D15" type="CSGBox3D" parent="SubViewportContainer/SubViewport/CSGCombiner3D"]
transform = Transform3D(-0.0524929, 0, -0.998621, 0, 1, 0, 0.998621, 0, -0.0524929, -5.09632, 6.14327, -16.8987)
size = Vector3(1.17529, 14.0597, 29.1124)

[node name="CSGBox3D16" type="CSGBox3D" parent="SubViewportContainer/SubViewport/CSGCombiner3D"]
transform = Transform3D(-1, 0, 8.74228e-08, 0, 1, 0, -8.74228e-08, 0, -1, 9.47847, 6.14327, 55.3103)
size = Vector3(1.17529, 14.0597, 145.832)

[node name="CSGBox3D18" type="CSGBox3D" parent="SubViewportContainer/SubViewport/CSGCombiner3D"]
transform = Transform3D(-0.173683, 0, -0.984802, 0, 1, 0, 0.984802, 0, -0.173683, 85.3946, 6.14327, 141.799)
size = Vector3(1.17529, 14.0597, 162.373)

[node name="CSGBox3D19" type="CSGBox3D" parent="SubViewportContainer/SubViewport/CSGCombiner3D"]
transform = Transform3D(-0.173683, 0, -0.984802, 0, 1, 0, 0.984802, 0, -0.173683, 76.6894, 6.14327, 115.075)
size = Vector3(1.17529, 14.0597, 102.581)

[node name="CSGBox3D17" type="CSGBox3D" parent="SubViewportContainer/SubViewport/CSGCombiner3D"]
transform = Transform3D(-1, 0, 8.74228e-08, 0, 1, 0, -8.74228e-08, 0, -1, 26.5151, 6.14327, 43.9764)
size = Vector3(1.17529, 14.0597, 123.589)

[node name="CSGBox3D20" type="CSGBox3D" parent="SubViewportContainer/SubViewport/CSGCombiner3D"]
transform = Transform3D(-0.529978, 0, 0.848011, 0, 1, 0, -0.848011, 0, -0.529978, 139.115, 6.14327, 117.204)
size = Vector3(1.17529, 14.0597, 28.7246)

[node name="CSGBox3D21" type="CSGBox3D" parent="SubViewportContainer/SubViewport/CSGCombiner3D"]
transform = Transform3D(-0.519802, 0, 0.854286, 0, 1, 0, -0.854286, 0, -0.519802, 181.811, 6.14327, 143.715)
size = Vector3(1.17529, 14.0597, 42.0723)

[node name="CSGBox3D22" type="CSGBox3D" parent="SubViewportContainer/SubViewport/CSGCombiner3D"]
transform = Transform3D(-0.918508, 0, -0.395401, 0, 1, 0, 0.395401, 0, -0.918508, 189.236, 6.14327, 112.899)
size = Vector3(1.17529, 14.0597, 49.2374)

[node name="CSGBox3D23" type="CSGBox3D" parent="SubViewportContainer/SubViewport/CSGCombiner3D"]
transform = Transform3D(-0.868311, 0, 0.496019, 0, 1, 0, -0.496019, 0, -0.868311, 206.202, 6.14327, 43.0133)
size = Vector3(1.17529, 14.0597, 110.294)

[node name="CSGBox3D24" type="CSGBox3D" parent="SubViewportContainer/SubViewport/CSGCombiner3D"]
transform = Transform3D(-0.98536, 0, 0.170485, 0, 1, 0, -0.170485, 0, -0.98536, 250.661, 6.14327, -93.7687)
size = Vector3(1.17529, 14.0597, 183.027)

[node name="CSGBox3D25" type="CSGBox3D" parent="SubViewportContainer/SubViewport/CSGCombiner3D"]
transform = Transform3D(-0.718175, 0, 0.695863, 0, 1, 0, -0.695863, 0, -0.718175, 238.699, 6.14327, -158.135)
size = Vector3(1.17529, 14.0597, 79.1358)

[node name="CSGBox3D41" type="CSGBox3D" parent="SubViewportContainer/SubViewport/CSGCombiner3D"]
transform = Transform3D(0.325238, 0, 0.945632, 0, 1, 0, -0.945632, 0, 0.325238, 249.9, 6.14327, -155.723)
size = Vector3(1.17529, 14.0597, 22.1399)

[node name="CSGBox3D26" type="CSGBox3D" parent="SubViewportContainer/SubViewport/CSGCombiner3D"]
transform = Transform3D(-0.754847, 0, 0.655901, 0, 1, 0, -0.655901, 0, -0.754847, 170.13, 6.14327, -82.1813)
size = Vector3(1.17529, 14.0597, 141.721)

[node name="CSGBox3D27" type="CSGBox3D" parent="SubViewportContainer/SubViewport/CSGCombiner3D"]
transform = Transform3D(0.100535, 0, 0.994933, 0, 1, 0, -0.994933, 0, 0.100535, 110.652, 6.14327, -30.1845)
size = Vector3(1.17529, 14.0597, 32.5391)

[node name="CSGBox3D28" type="CSGBox3D" parent="SubViewportContainer/SubViewport/CSGCombiner3D"]
transform = Transform3D(0.452248, 0, 0.891892, 0, 1, 0, -0.891892, 0, 0.452248, 100.484, 6.14327, 1.01664)
size = Vector3(1.17529, 14.0597, 32.5391)

[node name="CSGBox3D30" type="CSGBox3D" parent="SubViewportContainer/SubViewport/CSGCombiner3D"]
transform = Transform3D(0.964428, 0, 0.264344, 0, 1, 0, -0.264344, 0, 0.964428, 77.4661, 6.14327, -42.6109)
size = Vector3(1.17529, 14.0597, 77.274)

[node name="CSGBox3D37" type="CSGBox3D" parent="SubViewportContainer/SubViewport/CSGCombiner3D"]
transform = Transform3D(0.833866, 0, -0.551966, 0, 1, 0, 0.551966, 0, 0.833866, 78.2472, 6.14327, -95.8962)
size = Vector3(1.17529, 14.0597, 41.2966)

[node name="CSGBox3D39" type="CSGBox3D" parent="SubViewportContainer/SubViewport/CSGCombiner3D"]
transform = Transform3D(-0.311954, 0, -0.950097, 0, 1, 0, 0.950097, 0, -0.311954, 96.4082, 5.16275, -141.643)
size = Vector3(1.17529, 14.0597, 41.2966)

[node name="CSGBox3D40" type="CSGBox3D" parent="SubViewportContainer/SubViewport/CSGCombiner3D"]
transform = Transform3D(0.990227, 0, -0.139467, 0, 1, 0, 0.139467, 0, 0.990227, 103.644, 5.16275, -84.7149)
size = Vector3(1.17529, 14.0597, 106.09)

[node name="CSGBox3D29" type="CSGBox3D" parent="SubViewportContainer/SubViewport/CSGCombiner3D"]
transform = Transform3D(0.944508, -0.000306761, 0.328489, 0.00321189, 0.99996, -0.00830137, -0.328473, 0.00889577, 0.944471, 134.391, 5.09513, 59.0497)
size = Vector3(1.17529, 14.0597, 110.506)

[node name="CSGBox3D14" type="CSGBox3D" parent="SubViewportContainer/SubViewport/CSGCombiner3D"]
transform = Transform3D(-0.0524929, 0, -0.998621, 0, 1, 0, 0.998621, 0, -0.0524929, -14.3466, 6.14327, -36.4595)
size = Vector3(1.17529, 14.0597, 12.6378)

[node name="CSGBox3D6" type="CSGBox3D" parent="SubViewportContainer/SubViewport/CSGCombiner3D"]
transform = Transform3D(0.541195, 0, -0.840897, 0, 1, 0, 0.840897, 0, 0.541195, -5.61657, 6.52985, -113.86)
size = Vector3(1.17529, 14.0597, 25.4824)

[node name="CSGBox3D7" type="CSGBox3D" parent="SubViewportContainer/SubViewport/CSGCombiner3D"]
transform = Transform3D(-0.771103, 0, -0.636711, 0, 1, 0, 0.636711, 0, -0.771103, 13.184, 6.52985, -111.776)
size = Vector3(1.17529, 14.0597, 25.4824)

[node name="CSGBox3D3" type="CSGBox3D" parent="SubViewportContainer/SubViewport/CSGCombiner3D"]
transform = Transform3D(0.965336, 0, 0.26101, 0, 1, 0, -0.26101, 0, 0.965336, -11.7741, 6.52985, -69.76)
size = Vector3(1.17529, 14.0597, 25.4824)

[node name="CSGBox3D31" type="CSGBox3D" parent="SubViewportContainer/SubViewport/CSGCombiner3D"]
transform = Transform3D(0.576618, 0, -0.817014, 0, 1, 0, 0.817014, 0, 0.576618, 69.415, 6.52985, -176.723)
size = Vector3(1.17529, 14.0597, 25.4824)

[node name="CSGBox3D32" type="CSGBox3D" parent="SubViewportContainer/SubViewport/CSGCombiner3D"]
transform = Transform3D(0.066657, 0, -0.997776, 0, 1, 0, 0.997776, 0, 0.066657, 64.4468, 6.52985, -146.7)
size = Vector3(1.17529, 14.0597, 25.4824)

[node name="CSGBox3D33" type="CSGBox3D" parent="SubViewportContainer/SubViewport/CSGCombiner3D"]
transform = Transform3D(0.411928, 0, -0.911216, 0, 1, 0, 0.911216, 0, 0.411928, 87.591, 6.52985, -152.656)
size = Vector3(1.17529, 14.0597, 22.8577)

[node name="CSGBox3D34" type="CSGBox3D" parent="SubViewportContainer/SubViewport/CSGCombiner3D"]
transform = Transform3D(-0.374963, 0, -0.92704, 0, 1, 0, 0.92704, 0, -0.374963, 90.9774, 6.52985, -180.282)
size = Vector3(1.17529, 14.0597, 25.4824)

[node name="CSGBox3D35" type="CSGBox3D" parent="SubViewportContainer/SubViewport/CSGCombiner3D"]
transform = Transform3D(-0.964833, 0, 0.262863, 0, 1, 0, -0.262863, 0, -0.964833, 100.711, 6.52985, -165.906)
size = Vector3(1.17529, 14.0597, 20.9516)

[node name="CSGBox3D36" type="CSGBox3D" parent="SubViewportContainer/SubViewport/CSGCombiner3D"]
transform = Transform3D(0.769879, 0, -0.63819, 0, 1, 0, 0.63819, 0, 0.769879, 51.3963, 6.52985, -159.884)
size = Vector3(1.17529, 14.0597, 25.4824)

[node name="CSGBox3D4" type="CSGBox3D" parent="SubViewportContainer/SubViewport/CSGCombiner3D"]
transform = Transform3D(0.965336, 0, 0.26101, 0, 1, 0, -0.26101, 0, 0.965336, -11.7741, 6.52985, -69.76)
size = Vector3(1.17529, 14.0597, 25.4824)

[node name="WorldEnvironment" type="WorldEnvironment" parent="SubViewportContainer/SubViewport"]
environment = SubResource("Environment_urvdd")

[node name="DirectionalLight3D" type="DirectionalLight3D" parent="SubViewportContainer/SubViewport"]
transform = Transform3D(-0.866024, -0.433016, 0.250001, 0, 0.499998, 0.866026, -0.500003, 0.749999, -0.43301, 0, 0, 0)
shadow_enabled = true

[node name="level_trans" type="Area3D" parent="."]
transform = Transform3D(1, 0, 0, 0, 1, 0, 0, 0, 1, 41.1271, 0, 0)

[node name="CollisionShape3D" type="CollisionShape3D" parent="level_trans"]
transform = Transform3D(1, 0, 0, 0, 1, 0, 0, 0, 1, 2.1037, 1.24365, 1.00745)
shape = SubResource("BoxShape3D_m0p0k")

[connection signal="body_entered" from="level_trans" to="." method="_on_level_trans_body_entered"]
